	S	I0	M1	D1	I1	M2	D2	I2	E
S	0	0.009708737864077669	0.8187702265372169	0.1715210355987055	0	0	0	0	0
I0	0	0.33333333333333337	0.33333333333333337	0.33333333333333337	0	0	0	0	0
M1	0	0	0	0	0.3980582524271845	0.5922330097087378	0.009708737864077669	0	0
D1	0	0	0	0	0.9805825242718447	0.009708737864077669	0.009708737864077669	0	0
I1	0	0	0	0	0.009708737864077669	0.9805825242718447	0.009708737864077669	0	0
M2	0	0	0	0	0	0	0	0.00980392156862745	0.9901960784313726
D2	0	0	0	0	0	0	0	0.5	0.5
I2	0	0	0	0	0	0	0	0.5	0.5
E	0	0	0	0	0	0	0	0	0
--------
	A	B	C	D	E
S	0	0	0	0	0
I0	0.19999999999999998	0.19999999999999998	0.19999999999999998	0.19999999999999998	0.19999999999999998
M1	0.7714285714285715	0.009523809523809523	0.009523809523809523	0.2	0.009523809523809523
D1	0	0	0	0	0
I1	0.009523809523809523	0.009523809523809523	0.326984126984127	0.326984126984127	0.326984126984127
M2	0.8031746031746032	0.009523809523809523	0.16825396825396824	0.009523809523809523	0.009523809523809523
D2	0	0	0	0	0
I2	0.19999999999999998	0.19999999999999998	0.19999999999999998	0.19999999999999998	0.19999999999999998
E	0	0	0	0	0
